value	weight
1360	1290
1620	1020
1620	1600
960	1850
1640	910
630	340
1660	1300
2830	1000
810	430
1800	800
2390	590
2800	130
120	1850
1880	1470
850	1830
1880	1220
2370	1090
2400	1720
3030	1090
160	1890
2530	1220
200	230
2760	1130
2680	290
1860	100
2550	1840
2610	1220
480	1840
1160	1500
540	1800
3020	1450
3170	460
280	750
570	240
290	80
1970	1110
1670	1000
120	940
3140	680
880	590
2400	1760
3120	560
2300	770
820	860
2680	1540
1410	1360
3090	1660
680	1290
2690	1050
410	370
1410	810
1620	970
2380	760
2180	1390
1330	1880
1180	780
160	360
960	500
930	430
2320	1560
2300	50
3170	190
1960	1050
2850	1500
2890	170
920	1950
800	240
3280	1870
1050	1540
1810	1040
270	190
1560	1060
1320	330
750	110
1880	620
2890	1090
2080	530
1180	1420
2090	1620
1890	700
2190	90
3070	1390
3060	860
2750	500
2520	500
130	470
2740	1610
190	1280
3070	1730
3180	1720
320	460
580	260
1280	40
3190	1830
1540	2010
530	130
1240	70
670	1570
2480	1970
280	1170
1340	1820
270	350
230	1420
490	1680
1580	250
1130	160
2170	200
1330	1330
1820	510
2890	440
3000	1550
2580	1020
1310	630
720	600
980	1090
1630	610
540	1420
2640	160
2280	1080
2610	1730
1870	1490
610	540
2520	1370
580	2000
1880	410
2120	1200
200	80
1440	1460
3090	1580
970	860
1990	1880
1070	1280
1870	1860
1450	1520
2660	1310
1310	230
470	1950
3170	1240
1770	1100
450	570
2420	600
3140	40
2460	130
1390	820
1850	380
480	790
1600	1290
2410	1200
2490	1130
2110	1180
1000	930
2550	1630
2760	1080
1790	170
1740	550
2500	1480
1090	240
3200	1150
830	630
480	1860
2480	1330
2360	1750
3080	780
2850	240
600	350
1740	1650
3290	1860
1160	330
2010	1730
660	1100
1280	180
1290	990
580	1250
3220	410
1630	590
1050	720
320	1920
1990	560
590	1770
2340	480
350	740
2320	70
150	210
1530	730
820	830
2730	960
2080	470
600	1890
2250	1500
620	1560
3300	570
740	1990
2280	1060
3120	1340
390	420
1350	380
540	1910
3060	90
800	650
520	1690
1700	730
760	600
2830	620
1500	670
2730	1700
3280	1810
760	580
3190	1550
2420	1300
1250	1050
830	450
2600	1080
2290	170
360	310
780	100
2070	1390
730	520
2750	1820
2200	1290
2650	1790
1920	380
1330	680
3130	300
680	2000
1960	1860
2650	470
1610	1270
1970	500
1260	180
1180	410
2630	480
330	2000
2690	890
1910	1390
1910	500
1980	890
310	450
3230	380
710	1630
2240	320
3160	690
1170	1960
220	1690
1300	510
2050	670
560	350
1780	1350
190	690
300	1410
1490	380
820	920
1160	200
3070	660
730	390
3040	350
1340	550
3200	1910
2560	1890
2330	810
3130	1800
2660	30
870	1520
1920	1130
470	1290
960	1940
2150	860
1190	1560
3030	1510
2620	1550
2480	370
1610	1980
1380	190
3030	130
2470	1480
3000	1750
2170	1000
2930	950
700	1230
740	1880
1940	30
2390	1460
1350	1000
900	110
1040	1140
1980	1360
3210	150
2290	1730
560	1090
3200	1160
2970	1270
1350	1450
2020	180
770	1560
910	100
1780	40
1400	1090
2550	1620
1290	1220
2200	510
2970	1850
1920	450
2060	600
2770	580
1620	1180
700	1440
460	1780
3060	1370
2980	1470
1400	700
1460	290
1980	1220
2420	50
760	850
2650	30
1770	1940
380	120
2560	40
1880	1150
2700	230
2960	540
1820	300
690	1550
2510	1320
2910	570
3010	230
540	270
3060	2010
2860	300
2670	1370
1400	490
740	310
1430	1250
1350	1270
2760	1580
1920	1500
1130	1170
2050	1480
2950	490
1110	1950
1540	570
1320	1820
890	1320
2310	1940
510	1150
1760	1980
440	630
2280	1350
1200	1760
350	1230
2770	1030
1180	1130
1370	650
440	1090
2290	90
480	770
3120	1820
3200	1320
560	310
860	420
3190	1710
2430	80
3240	1160
870	1030
2770	370
1960	1850
2120	190
2700	440
210	130
1020	2020
3060	830
470	140
970	1050
2320	1750
220	70
940	260
1460	220
2450	690
1860	1220
680	20
2670	570
230	750
1840	430
2670	160
160	460
160	1350
1840	1810
3010	1160
3090	310
1700	1150
2820	200
2510	1110
1680	1690
520	840
1910	170
750	1160
2360	2020
2420	1390
2660	1490
210	1990
2320	1260
1930	1220
2410	1140
1650	400
2610	1360
2230	780
2010	400
2430	150
1740	1670
530	2020
3030	1170
3240	250
2750	560
3300	1760
120	770
2290	970
2170	660
3290	150
3190	1820
1780	590
1630	1850
1290	1190
1460	1630
1930	1800
3100	450
290	130
1540	1970
1250	1600
170	890
3040	1080
2380	1870
230	1230
1550	1890
2210	540
1380	1890
3310	120
520	1320
3130	1910
3170	560
110	450
3290	1180
2900	660
2010	1740
2420	680
220	510
3000	1560
1410	40
1440	1340
1830	1670
1380	1690
2890	1980
1060	1140
2630	790
1430	1430
1240	1930
2090	520
3290	2020
2310	1610
2680	740
2910	730
870	2010
1560	130
110	840
3260	280
2030	770
2160	1270
2660	490
2370	1750
2930	490
1170	340
2100	1050
1310	1660
1490	720
2230	910
2260	1150
2460	50
1330	1820
1950	1750
2090	520
3240	30
3280	1510
1990	1040
1660	1850
2330	880
3260	1240
3010	690
2400	1040
2050	1650
440	1160
1000	1730
1170	1250
2510	1960
460	260
2710	500
2280	760
1840	950
400	1350
1910	1900
2490	1980
1250	1980
1900	1200
1600	1110
1990	1600
1680	1930
690	1930
350	90
1820	1850
1500	1080
1440	850
2260	1250
3150	730
2050	60
1950	1120
130	570
1740	700
3180	960
2100	1990
830	400
980	1910
1880	1350
1180	1120
2580	1020
2690	710
1850	410
640	1670
960	1350
2700	590
1580	680
890	1900
1500	800
2300	530
1510	570
780	1260
3280	120
870	250
2520	980
430	610
1500	20
2500	1900
2080	1210
2290	1730
2950	420
2430	1440
3060	750
1990	1190
2570	1130
2270	1390
3020	280
680	1300
3070	1160
1280	830
1110	30
3260	110
1230	1950
2830	1050
2440	690
1940	250
1120	1070
2600	1790
780	640
2210	1050
1220	750
2940	1600
1830	940
2830	1920
270	1950
1060	170
520	1050
2020	470
1470	1750
1810	850
2890	20
1530	520
1020	1340
2990	1470
3270	40
1990	1210
2120	1680
990	1730
120	1550
1240	550
310	60
610	1270
200	160
2050	580
3020	1940
940	1550
190	1890
2550	1650
760	370
1280	1840
1200	450
2190	400
2590	1450
210	1070
2670	1840
1380	570
2600	1740
2440	1300
1030	1620
2550	960
450	1600
2020	1820
670	500
1960	1250
900	280
3080	1610
1700	750
1420	120
1820	720
2820	1650
1510	1610
1880	1470
2620	1710
2280	1440
1360	240
3080	1890
1120	470
850	1770
2890	670
1400	900
1280	210
2540	1340
2690	910
3040	730
930	130
360	1130
1720	440
2020	500
1760	420
1460	300
140	1120
2620	1920
110	1170
1710	1260
510	520
2120	270
250	110
1870	140
890	1780
2920	440
2230	610
1680	1760
610	570
1670	750
2920	620
2860	1670
2680	1910
1490	450
590	570
130	480
1990	600
1970	60
2320	420
270	850
940	50
1820	1000
960	820
2170	140
390	20
190	1850
170	2020
1880	1870
3290	860
1800	680
1080	1990
2920	1160
3120	670
3030	1720
700	1490
1870	380
1530	1070
110	930
1670	670
1940	900
2620	870
430	1780
2610	420
1830	140
1510	1400
160	1090
380	1870
2150	910
1400	2010
1740	970
2400	820
280	1150
410	890
240	820
1220	1800
320	1000
2510	440
270	1970
2550	220
2310	1050
2510	1360
1830	580
450	1990
1960	370
2740	900
1370	940
2440	160
2820	1780
420	640
2510	230
2870	1550
1580	1210
1050	1540
2070	1150
2610	630
1240	1360
2070	400
830	1850
3040	1790
1490	1900
540	70
880	480
1170	390
2180	700
1000	1380
1910	1180
240	830
2960	910
2150	1410
3030	970
180	1900
3080	720
1820	1040
950	1550
430	740
790	1030
2820	530
2970	560
1620	1310
220	1220
430	1180
2810	1700
2880	1180
360	1460
2460	1490
1550	260
2190	930
1130	1060
1520	1990
780	310
1450	1680
2250	440
3090	1960
1540	1580
1140	870
2790	100
270	840
1590	1940
570	1600
2060	80
2480	1600
1840	1490
2270	1980
2360	400
3250	320
3200	430
1900	2000
930	170
2100	210
290	1220
1570	1170
310	1730
2630	1620
2920	1120
2960	340
2520	960
150	1250
1310	440
1990	1520
1660	1130
2140	1430
1900	1690
190	1490
1140	1210
980	500
3230	750
2390	440
1350	890
1410	1330
1730	1840
1950	20
3090	1300
810	630
1220	1030
2120	330
280	350
1650	1550
3300	1670
2410	1900
1650	1540
850	1160
2730	280
340	1990
2570	1870
1310	260
1740	1680
1160	510
1380	720
2680	1830
510	360
2770	390
1770	940
550	860
1390	1400
410	140
2100	1480
2730	1070
2820	1140
3230	1260
570	200
500	1890
2240	20
2670	210
2550	1400
830	1470
300	830
1870	430
2980	300
510	360
2360	80
3000	1540
570	1740
680	2000
1790	1420
700	1270
2440	550
2490	1430
3200	1500
180	720
2870	1450
120	1890
1840	1240
820	960
190	1570
1890	840
280	240
1880	530
2940	1030
2350	1510
310	1460
380	1010
1630	840
3200	1190
1390	960
1190	850
390	480
220	380
2710	1890
1780	1030
2270	500
2020	1150
3170	1820
1930	780
1510	1390
2970	1930
2200	970
1420	1290
1480	1070
850	1490
1970	1120
1940	750
1470	540
270	1440
3060	1690
2560	1080
2440	1540
670	1820
3300	1460
240	1930
3160	1690
2750	460
810	1550
1840	1120
120	1380
2750	510
280	1320
2120	1380
2980	1420
2930	2020
3240	910
3020	1190
1820	620
3010	1600
2290	1690
2050	100
350	1370
1770	1700
2280	510
2790	1820
2920	400
1470	530
3010	1400
260	90
2330	1110
270	920
2800	1760
420	1310
1980	1950
1530	1820
3110	830
1770	1870
2300	1310
2520	190
800	330
3180	1900
620	560
900	850
2170	20
1550	820
400	1310
880	710
790	270
1800	1010
1700	230
930	1850
2600	50
3090	1410
1500	1550
1990	210
1930	1200
1330	1830
2600	150
2290	930
1770	1070
3280	1070
1670	1080
1500	2020
3270	100
550	180
1300	810
120	1430
2540	1210
1600	1620
1030	810
3250	740
2620	560
1120	320
1210	870
2380	210
2280	130
1450	90
2670	1350
1520	620
2290	1650
670	1070
1750	110
3130	1560
1200	690
1010	1820
880	490
1770	1440
2070	1890
2040	1290
690	790
470	1390
2810	500
1120	1880
360	150
300	1980
2430	900
1990	860
160	1290
590	1250
2200	1170
2860	1120
1950	1550
3070	520
2620	590
260	740
160	1250
1120	1270
840	1640
3100	1680
2860	1740
2500	320
790	1580
570	1990
190	1100
1920	760
980	1740
1550	300
3080	460
2050	760
2040	1100
400	1190
2160	800
400	1020
2740	740
2650	1530
1940	380
770	1070
1730	1300
2070	2020
490	1380
3170	1120
340	1900
